final_table_2.ecsv
# %ECSV 0.9
# ---
# datatype:
# - {name: KID, datatype: int64, description: Kepler Input Catalog ID number of star}
# - {name: GID, datatype: int64, description: GALEX Catalog ID number of star}
# - {name: Start, unit: GALEX Time, datatype: float64, description: Start time of flare (1)}
# - {name: End, unit: GALEX Time, datatype: float64, description: End time of flare (1)}
# - {name: r_est, unit: pc, datatype: float64, description: Estimated distance (2)}
# - {name: r_lo, unit: pc, datatype: float64, description: Low bound of distance (2)}
# - {name: r_hi, unit: pc, datatype: float64, description: High bound distance (2)}
# - {name: Radius, unit: Solar radii, datatype: float64, description: Stellar radius (3)}
# - {name: T_eff, unit: K, datatype: float64, description: Effective temperature (4)}
# - {name: QFlux, unit: erg / (Angstrom cm2 s), datatype: float64, description: Quiescent flux (2)}
# - {name: e_QFlux, unit: erg / (Angstrom cm2 s), datatype: float64, description: Standard error of the mean on the quiescent flux}
# - {name: Lum, unit: erg / s, datatype: float64, description: NUV stellar luminosity}
# - {name: e_Lum, unit: erg / s, datatype: float64, description: NUV stellar luminosity uncertainty}
# - {name: E_est, unit: erg, datatype: float64, description: Estimated energy in the NUV}
# - {name: E_lo, unit: erg, datatype: float64, description: Lower bound of NUV energy}
# - {name: E_hi, unit: erg, datatype: float64, description: High bound of NUV energy}
# meta: !!omap
# - {Note (1): In GALEX time (GALEX time = UNIX time - 315964800)}
# - {Note (2): 'From Magan Bedall''s Kepler/GAIA crossmatch: https://gaia-kepler.fun/. Distances from Bailer-Jones, C. A. L., Rybizki,
#     J., Fouesneau, M., Mantelet, G., & Andrae, R. 2018, AJ, 156, 58 (https://ui.adsabs.harvard.edu/#abs/2018AJ....156...58B).'}
# - {Note (3): 'Radii from Berger, T. A., Huber, D., Gaidos, E., & van Saders, J. L. 2018, ApJ, 866, 99 (https://ui.adsabs.harvard.edu/\#abs/2018ApJ...866...99B).'}
# - {Note (4): 'From the Kepler Input Catalog (https://archive.stsci.edu/kepler/kic.html)'}
# - {Note (5): The mean flux after all flares are removed from the light curve.}
# - {Note (6): Based on Gaia DR2 dist high bound.}
# - Title: !!python/tuple [Short Duration Flares in GALEX Data]
# - Authors: !!python/tuple ['Brasseur C. E., Osten R., Fleming S.']
# - {Table: All detected and vetted flares with calculated energies.}
# schema: astropy-2.0
KID GID Start End r_est r_lo r_hi Radius T_eff QFlux e_QFlux Lum e_Lum E_est E_lo E_hi
[from data line 507]
9776006 3190028616332214866 962017033.018 962017181.66 4743.78232476233 3160.16375541792 7039.77980027578 0.0 6006.0 4.523547420055336e-16 6.874444204480391e-18 2.1985170524609252e+33 8.997937640605087e+32 1.259604114457288e+37 4.176301501625059e+36 2.479584648579975e+37
9775955 3190028616332214725 962017048.135 962017236.034 906.558316204222 891.392919877473 922.239024293055 1.07387076167 5726.0 1.8017708792180181e-16 6.6970766901492015e-18 2.434323809225585e+31 1.0031786714212228e+30 1.7066936512378712e+36 1.6452120850942765e+36 1.7699813203704243e+36
9775956 3190028616332214700 962017090.415 962017132.549 890.288120467761 880.751872208088 900.02935229086 2.62009031971 5089.0 1.6164272809440245e-16 5.3707281409890925e-18 2.093792732345333e+31 7.396254464785288e+29 1.614534812984422e+35 1.5367049477077752e+35 1.6926979188810133e+35
9776008 3190028616332214723 962017094.197 962017132.963 1323.52504607636 1187.85852802174 1493.14940022889 0.0 "" 9.543093804204987e-17 5.067184233637871e-18 2.9824310614668893e+31 3.7909721793923994e+30 1.1981726765603739e+35 9.30751163421329e+34 1.5229793067615518e+35
9775953 3190028616332214859 962017107.021 962017183.319 1150.91112385873 1125.02370646893 1177.99511616388 1.23438858263 6268.0 4.963214015704136e-16 7.01961258262384e-18 1.1452027179238911e+32 3.16322311636716e+30 1.2329695359716075e+35 1.1066516025507111e+35 1.3604340404330305e+35
9775968 3190028616332214863 962017113.027 962017151.275 2009.70564241826 1885.01154217323 2151.61995676013 1.4393771682499998 5707.0 1.3161578395141857e-16 5.492782107181074e-18 9.512378520261203e+31 7.47659517812684e+30 9.489415153467338e+34 7.040385569597359e+34 1.2020656397877805e+35
9775956 3190028616332214700 962017132.549 962017224.39 890.288120467761 880.751872208088 900.02935229086 2.62009031971 5089.0 1.6164272809440245e-16 5.3707281409890925e-18 2.093792732345333e+31 7.396254464785288e+29 8.783261221996107e+34 8.173582725771274e+34 9.394200094408162e+34
9776008 3190028616332214723 962017132.963 962017235.928 1323.52504607636 1187.85852802174 1493.14940022889 0.0 "" 9.543093804204987e-17 5.067184233637871e-18 2.9824310614668893e+31 3.7909721793923994e+30 7.237074838188663e+34 5.436145436498913e+34 9.354435266852655e+34
10082941 3190028616332219095 962017162.517 962017422.548 1588.48697284806 1506.82486074812 1679.30560241975 1.48050589591 6432.0 6.386888613732069e-16 6.695510504769612e-18 2.0206715179625318e+32 1.1185694219516648e+31 2.0645550044974957e+35 1.7591393891717007e+35 2.386967750033758e+35
10019347 3190028616332218730 962017181.495 962017383.35 1616.26818425692 1566.57938004018 1669.14842432312 1.57511387518 6362.0 6.786487675761605e-16 6.5815316998971816e-18 2.2304366209511212e+32 7.424216096448326e+30 1.3603694069053402e+35 1.1543036812664069e+35 1.5686736526994085e+35
10082930 3190028616332219016 962017181.538 962017360.896 2054.41776449471 1968.14296658501 2148.43226769456 2.0385244558 5657.0 2.4536857948161735e-16 5.368715180880107e-18 1.358990728132083e+32 6.676317179648571e+30 3.151212478097264e+35 2.7702262392425125e+35 3.549059879697245e+35
9897073 3190028616332216459 962022056.385 962022149.347 1843.44465287832 1755.55914345671 1940.39152310286 1.32353421527 "" 1.92835314817263e-16 6.091716196529232e-18 1.091156436574322e+32 6.491903689796262e+30 2.4899569767978207e+35 2.138014306685738e+35 2.8588553362772845e+35
9957382 3190028616332217058 962022056.57 962022142.9 1059.11228057914 1038.43374314948 1080.61552333217 2.1831148709 5064.0 8.357375757284407e-17 4.622377769058921e-18 1.5424580048170272e+31 9.103074532134196e+29 2.1119956602998375e+35 1.9777984027432047e+35 2.2482389568753555e+35
9957482 3190028616332217387 962022056.769 962022142.346 471.011496085276 467.80607381758 474.260354828468 0.917780709032 5403.0 2.4513049252052864e-16 5.199977898305749e-18 6.690501528088779e+30 1.5004358327055034e+29 2.2263393677108847e+34 2.0767287217186512e+34 2.3760337219381853e+34
9897060 3190028616332216263 962022056.816 962022142.599 922.204487130253 909.707520905469 935.043237998847 1.30196642499 5998.0 6.505192706128686e-16 7.111165213918772e-18 8.419016381777875e+31 1.5253880839982907e+30 1.101895730213955e+35 1.0207744745104566e+35 1.1833212103041556e+35
9896921 3190028616332216345 962022056.85 962022187.215 6584.87646737232 5296.78145463273 8398.98375173252 0.0 "" 6.465045636034083e-17 4.307906636679878e-18 5.832918183853609e+32 1.4285539319394878e+32 8.624437839844346e+36 5.215772068145448e+36 1.3401022482608046e+37
9897117 3190028616332216353 962022056.987 962022187.19 993.36836147014 981.883705845036 1005.11992122193 2.0255199329900004 5782.0 7.253358513385507e-16 7.397816104568031e-18 1.1169010030752609e+32 1.811673352099753e+30 1.0960018715398595e+35 1.0031840978111572e+35 1.1889821782098309e+35
9957582 3190028616332216779 962022057.025 962022133.316 3188.43197966799 1929.29951247436 5269.10555289322 0.0 5751.0 9.334406370335718e-17 4.652959046068575e-18 1.650710875265134e+32 8.684989635492351e+31 2.904931019458576e+36 6.077484997232166e+35 6.697983442047865e+36
9957668 3190028616332217822 962022057.048 962022123.011 831.54473089907 816.888038403357 846.727133080228 2.10693017791 6072.0 3.006102713924158e-15 1.434791189079833e-17 2.850856209518168e+32 5.385511683714273e+30 3.764230894430683e+34 3.13225937095939e+34 4.397218891871731e+34
9957615 3190028616332217566 962022057.336 962022131.392 1355.45087554861 1287.42040916246 1430.9135542116 0.855548269333 5447.0 3.3531094898286955e-17 4.344582689078576e-18 8.92401778340624e+30 1.2495517156826657e+30 2.2503300029318034e+35 1.9889190102595354e+35 2.53333835038494e+35
9896924 3190028616332216275 962022057.56 962022102.431 3554.65780286108 3235.12711074442 3940.87996419591 3.7916747873500003 5129.0 5.711145187755358e-17 4.680915867578685e-18 1.4986943883146372e+32 1.9325606672032106e+31 1.2930875540814626e+36 1.0405801199881052e+36 1.5908693340614307e+36
10018391 3190028616332218012 962022057.595 962022132.506 1214.81679785917 1184.54925371684 1246.64167889405 1.25552727609 5796.0 1.873673339280342e-16 5.15019301063712e-18 4.219428960671514e+31 1.5950270073189004e+30 6.209427579284027e+34 5.245353110980794e+34 7.178728974757917e+34
10213524 3190028616332221696 962022061.218 962022123.413 1251.23531346246 1197.29451584954 1310.16165795931 0.781425299686 0.0 2.2469914721025843e-16 4.713327103910621e-18 3.348979056465412e+31 1.6658320385411022e+30 4.073475310558516e+34 3.4129334271411008e+34 4.751834580428164e+34
9897010 3190028616332215923 962022061.279 962022091.885 1218.74674536348 1200.46791499919 1237.58044877441 3.1054844784299998 5190.0 1.5236417725393218e-16 4.741642830988803e-18 3.716798806306441e+31 1.3021801269444387e+30 9.35067947618466e+34 8.490557402414017e+34 1.0213615612074055e+35
9896996 3190028616332216224 962022062.445 962022133.418 1012.55407183669 991.622650070376 1034.37142883454 0.903387697428 6126.0 2.8540741578737746e-16 5.382845693275449e-18 4.599140515174039e+31 1.3204106947334398e+30 7.206604327310476e+34 6.417619096277411e+34 8.000437746041739e+34
9897037 3190028616332216064 962022062.709 962022151.114 1508.57043321708 1454.97402331206 1566.18443164152 1.1069174318100001 6129.0 1.6382122648961164e-16 4.636147481433533e-18 6.44287615646631e+31 3.016457430047689e+30 3.071060240718818e+35 2.7758460335500232e+35 3.378563062008578e+35
9896809 3190028616332216096 962022062.74 962022194.107 648.879504857667 641.474336221378 656.45450708553 1.1923563002600002 5567.0 2.9007732391891327e-16 6.1859358253257974e-18 2.057746391290612e+31 5.114451399982255e+29 5.6380634997231385e+34 5.231590551005897e+34 6.045480436525365e+34
9897031 3190028616332216868 962022062.842 962022092.268 1120.24541075885 1103.14386495837 1137.87565836642 1.77119012586 6384.0 1.9703346094454913e-15 1.0688066445202153e-17 3.863198118530795e+32 6.602980634175982e+30 1.363208956249478e+35 1.2529316272188899e+35 1.4739783389225881e+35
9897112 3190028616332216611 962022062.895 962022150.417 1342.94606312795 1301.00026419103 1387.6323678045 1.04771677185 5947.0 1.9905470487094518e-16 6.241228793555949e-18 5.8419206166032205e+31 2.6448391628447683e+30 2.2043830143827274e+35 2.0022248819349657e+35 2.4127736397827616e+35
9896951 3190028616332216547 962022062.939 962022150.74 1388.36395809574 1353.84975554217 1424.64962689121 1.3559459553600002 6436.0 6.967054859826488e-16 6.711232223908176e-18 2.624209557322399e+32 7.37643887981882e+30 4.002461427251359e+35 3.69334104647339e+35 4.318253770907309e+35
9836952 3190028616332215736 962022062.98 962022103.395 2183.27925231533 2086.73497747492 2288.98101904181 2.27844787572 5826.0 1.6060393344715319e-16 4.8030911205629026e-18 1.3767398813792536e+32 7.636374153838737e+30 1.7312835797777034e+35 1.4132990979629908e+35 2.0565104317914293e+35
9896831 3190028616332215905 962022063.627 962022092.718 1033.6629431711 1011.26408236299 1057.05760833461 1.1452891393 6025.0 3.9774019763627404e-16 6.832156873679184e-18 6.4448335767325225e+31 1.8291609737656565e+30 2.470537543512708e+34 1.9607221340054878e+34 2.9813738585238683e+34
9957692 3190028616332217593 962022063.667 962022120.442 1981.33548283285 1888.66443895113 2083.3603426893 1.72275084617 5685.0 1.334686349965692e-16 5.321310736237267e-18 8.204222470040256e+31 5.205754085283062e+30 2.397757932798321e+35 2.0685465905729998e+35 2.742792035172482e+35
9957789 3190028616332217337 962022064.562 962022132.43 11209.9560445154 9094.84155089437 13938.356502503 0.0 5000.0 3.920379971540439e-17 4.7470457016357066e-18 7.808807618944927e+32 1.9342736650459983e+32 1.2046411725289866e+37 7.414646716648533e+36 1.797721439633184e+37
9957678 3190028616332217241 962022071.133 962022191.319 1181.86002664318 1140.98971428593 1225.70777631228 0.868272735353 5777.0 1.0244098571295392e-16 4.705235439904831e-18 2.0041551095805277e+31 1.169963244709101e+30 1.1005508094306233e+35 9.81536912846908e+34 1.2231853247299135e+35
9957503 3190028616332217178 962022072.443 962022133.389 1543.05106772886 1467.74079087055 1626.33489453283 1.09119687407 5820.0 1.0829898773052583e-16 4.825642564760061e-18 3.7647447792381283e+31 2.5652984721233176e+30 2.195598439964235e+35 1.928606210149357e+35 2.481125826962794e+35
9957866 3190028616332217733 962022073.668 962022151.267 993.517010756454 980.531555568074 1006.84466967672 1.51210416549 6134.0 8.2223579651459035e-16 7.309073269340904e-18 1.2033706737540182e+32 1.9857462196786206e+30 7.275364208296184e+34 6.476442580784367e+34 8.075493687191807e+34
9957313 3190028616332216839 962022073.752 962022204.172 4074.04419403045 3588.47031795599 4698.88787328601 3.6231846181900003 5180.0 9.285051930654137e-17 4.413365196469125e-18 2.6090547963673057e+32 3.768404226167552e+31 1.4139831642476345e+36 1.052021504160419e+36 1.86733805306802e+36
9957773 3190028616332217510 962022074.207 962022131.338 1833.45391259992 1566.56106182579 2203.86493157203 0.0 4791.0 5.811902298987112e-17 4.8592181785696814e-18 3.0243004729144194e+31 5.834460765519045e+30 1.2889038552461746e+35 8.761943920407776e+34 1.837304337521476e+35
9957293 3190028616332216742 962022075.267 962022143.823 2796.39439104671 2538.22098627475 3110.57603949278 2.3198706377700002 5188.0 5.630976491970817e-17 4.535493096524188e-18 7.444981898666469e+31 9.70442894223586e+30 6.3214962317162994e+35 5.0463040491962484e+35 7.831921754169405e+35
10213466 3190028616332222003 962022081.247 962022123.243 855.315111244344 842.206023877693 868.83115412889 1.0477672987 0.0 4.813509245381871e-16 5.724759993702416e-18 3.352332765418621e+31 6.566639118722615e+29 1.1116999580725907e+34 8.78490374407515e+33 1.3450664692457974e+34
9896883 3190028616332216482 962022082.643 962022133.032 1592.47992980899 1547.69229885577 1639.88513988575 2.06151878519 5721.0 3.157469121131692e-16 5.374147900514788e-18 1.5826620337999435e+32 5.428099221348383e+30 1.7580213070256558e+35 1.535156235875319e+35 1.983510211938966e+35
10018400 3190028616332218312 962022083.148 962022133.391 1434.97184223965 1398.45937131962 1473.40469238987 1.47710634407 6726.0 9.665574520683635e-16 7.833076607296745e-18 3.0652200696107845e+32 8.498648586110273e+30 7.87683435268457e+34 6.446994314531172e+34 9.312727415488223e+34
9957910 3190028616332217738 962022083.337 962022124.009 2083.62382141184 2000.31118028071 2174.02315689509 1.7518228567099998 6291.0 2.9683869973277405e-16 5.6856183636558844e-18 2.0098981514403685e+32 9.269010226243822e+30 3.2784395046405274e+35 2.8977906423276416e+35 3.674778086310225e+35
10018286 3190028616332217880 962022083.418 962022131.9 1124.85637311318 1106.16218236482 1144.18145570785 1.62786002525 6239.0 7.972747992150934e-16 7.452624359375712e-18 1.4267856425167551e+32 2.807836143304279e+30 5.798353040744325e+34 4.995624831564331e+34 6.602667627046673e+34
10018363 3190028616332218231 962022083.476 962022150.475 1101.50703947476 1081.95897257437 1121.7611824421 1.4430176823700003 6095.0 6.862057631980783e-16 6.8484882983569094e-18 1.1300011642693883e+32 2.363589369206706e+30 8.500854412250954e+34 7.626646500810058e+34 9.378883318688515e+34
10018694 3190028616332218334 962022083.93 962022113.205 952.388179970309 939.041733790555 966.112451446571 1.72979236028 5566.0 3.4563933824659344e-16 5.411311747315802e-18 3.976150492005136e+31 8.477706841993945e+29 4.428186235526943e+34 3.9898288176934185e+34 4.867551321021695e+34
9957932 3190028616332217852 962022084.727 962022131.952 1700.34668379068 1629.35343112067 1777.67258292674 1.49164803111 5724.0 1.3463830414131486e-16 4.801867855660036e-18 6.029424522986986e+31 3.4085360181681226e+30 2.3080370266936416e+35 2.0443072576301732e+35 2.5845794883869294e+35
9957805 3190028616332217557 962022084.965 962022122.688 1482.61194250542 1449.72475587643 1516.9970582527 2.07127018707 5663.0 1.6531589560353925e-16 5.070030048662266e-18 5.401108353826566e+31 2.0732054152835955e+30 1.2868279770886594e+35 1.1511099140501789e+35 1.4236601473467178e+35
9957512 3190028616332217492 962022085.095 962022193.654 10077.5475973413 7950.43774620754 12837.973666262 0.0 5123.0 2.0959674261373353e-17 4.0523721895678815e-18 3.535013405156753e+32 1.0965017038029321e+32 4.405007385923943e+36 2.4486129876031967e+36 6.893611182873078e+36
9897031 3190028616332216868 962022092.268 962022143.571 1120.24541075885 1103.14386495837 1137.87565836642 1.77119012586 6384.0 1.9703346094454913e-15 1.0688066445202153e-17 3.863198118530795e+32 6.602980634175982e+30 1.138232224263016e+35 1.021564684771072e+35 1.2552242899539707e+35
9897125 3190028616332216151 962022092.445 962022143.202 2211.93700989647 2059.54768424849 2387.9995496172 1.5374975264 5937.0 1.4535105838137971e-16 5.4038789044068405e-18 1.2516413273237245e+32 1.041877785761548e+31 2.0657922207702553e+35 1.6595936984203914e+35 2.504113077204707e+35
9957293 3190028616332216742 962022100.511 962022143.823 2796.39439104671 2538.22098627475 3110.57603949278 2.3198706377700002 5188.0 5.630976491970817e-17 4.535493096524188e-18 7.444981898666469e+31 9.70442894223586e+30 4.663026912666918e+35 3.7037406715253626e+35 5.792972411077775e+35
9897037 3190028616332216064 962022102.278 962022151.114 1508.57043321708 1454.97402331206 1566.18443164152 1.1069174318100001 6129.0 1.6382122648961164e-16 4.636147481433533e-18 6.44287615646631e+31 3.016457430047689e+30 1.6824486689054168e+35 1.4952551316009142e+35 1.8754884003122415e+35
9957382 3190028616332217058 962022102.323 962022142.9 1059.11228057914 1038.43374314948 1080.61552333217 2.1831148709 5064.0 8.357375757284407e-17 4.622377769058921e-18 1.5424580048170272e+31 9.103074532134196e+29 1.3537740697852812e+35 1.255781902116182e+35 1.4529194852697849e+35
9896924 3190028616332216275 962022102.431 962022143.754 3554.65780286108 3235.12711074442 3940.87996419591 3.7916747873500003 5129.0 5.711145187755358e-17 4.680915867578685e-18 1.4986943883146372e+32 1.9325606672032106e+31 8.445573563643613e+35 6.721796726357086e+35 1.0454103394932763e+36
