final_table_2.ecsv
# %ECSV 0.9
# ---
# datatype:
# - {name: KID, datatype: int64, description: Kepler Input Catalog ID number of star}
# - {name: GID, datatype: int64, description: GALEX Catalog ID number of star}
# - {name: Start, unit: GALEX Time, datatype: float64, description: Start time of flare (1)}
# - {name: End, unit: GALEX Time, datatype: float64, description: End time of flare (1)}
# - {name: r_est, unit: pc, datatype: float64, description: Estimated distance (2)}
# - {name: r_lo, unit: pc, datatype: float64, description: Low bound of distance (2)}
# - {name: r_hi, unit: pc, datatype: float64, description: High bound distance (2)}
# - {name: Radius, unit: Solar radii, datatype: float64, description: Stellar radius (3)}
# - {name: T_eff, unit: K, datatype: float64, description: Effective temperature (4)}
# - {name: QFlux, unit: erg / (Angstrom cm2 s), datatype: float64, description: Quiescent flux (2)}
# - {name: e_QFlux, unit: erg / (Angstrom cm2 s), datatype: float64, description: Standard error of the mean on the quiescent flux}
# - {name: Lum, unit: erg / s, datatype: float64, description: NUV stellar luminosity}
# - {name: e_Lum, unit: erg / s, datatype: float64, description: NUV stellar luminosity uncertainty}
# - {name: E_est, unit: erg, datatype: float64, description: Estimated energy in the NUV}
# - {name: E_lo, unit: erg, datatype: float64, description: Lower bound of NUV energy}
# - {name: E_hi, unit: erg, datatype: float64, description: High bound of NUV energy}
# meta: !!omap
# - {Note (1): In GALEX time (GALEX time = UNIX time - 315964800)}
# - {Note (2): 'From Magan Bedall''s Kepler/GAIA crossmatch: https://gaia-kepler.fun/. Distances from Bailer-Jones, C. A. L., Rybizki,
#     J., Fouesneau, M., Mantelet, G., & Andrae, R. 2018, AJ, 156, 58 (https://ui.adsabs.harvard.edu/#abs/2018AJ....156...58B).'}
# - {Note (3): 'Radii from Berger, T. A., Huber, D., Gaidos, E., & van Saders, J. L. 2018, ApJ, 866, 99 (https://ui.adsabs.harvard.edu/\#abs/2018ApJ...866...99B).'}
# - {Note (4): 'From the Kepler Input Catalog (https://archive.stsci.edu/kepler/kic.html)'}
# - {Note (5): The mean flux after all flares are removed from the light curve.}
# - {Note (6): Based on Gaia DR2 dist high bound.}
# - Title: !!python/tuple [Short Duration Flares in GALEX Data]
# - Authors: !!python/tuple ['Brasseur C. E., Osten R., Fleming S.']
# - {Table: All detected and vetted flares with calculated energies.}
# schema: astropy-2.0
KID GID Start End r_est r_lo r_hi Radius T_eff QFlux e_QFlux Lum e_Lum E_est E_lo E_hi
[from data line 1690]
9211339 6371232499662589857 996608460.506 996608631.042 1071.99658129577 1053.37387401071 1091.27718322057 1.21996029925 0.0 6.703639883668419e-16 1.2605269419096481e-17 7.333824254181018e+31 1.8928051218722577e+30 3.2163069258785212e+34 2.660019465525082e+34 3.7734008366814835e+34
9016490 6371232469597815329 996609013.784 996609064.01 720.899916039794 713.693227996792 728.250971492434 1.0953381723200002 6104.0 9.56755087747168e-16 1.699561725082815e-17 6.833377604883452e+31 1.4166804848597337e+30 6.873721822288284e+34 6.450159482330361e+34 7.298185417975313e+34
11129501 6371232503957554046 996613850.811 996613963.437 946.480766285923 925.725749686888 968.169924713659 1.03006847191 5509.0 9.316562555773137e-17 9.189421884943575e-18 1.061473317179903e+31 1.0741007244672486e+30 2.7893585147392426e+35 2.642520588633627e+35 2.9408142080234734e+35
10656018 3190239722564756063 996613874.856 996613995.982 860.410886463217 847.070692067986 874.170140484822 0.8415492754070001 0.0 3.1589599758880256e-16 5.7571941246484335e-18 2.2263269238163445e+31 5.3623890843227495e+29 1.2889136563943627e+34 1.0307631926962619e+34 1.547261481954373e+34
11129501 6371232503957554046 996614001.728 996614093.99 946.480766285923 925.725749686888 968.169924713659 1.03006847191 5509.0 9.316562555773137e-17 9.189421884943575e-18 1.061473317179903e+31 1.0741007244672486e+30 1.688038219382119e+34 1.3890002168764312e+34 1.9879185170162256e+34
10525463 3190239722564753555 996614136.408 996614357.13 846.129992925567 825.327547388047 867.987926649706 0.785941084455 0.0 1.1077778719521037e-17 3.879765394488585e-18 7.55022487932417e+29 2.651152998787588e+29 1.8105414298370326e+34 1.5479303620591492e+34 2.0747179695454873e+34
11129401 6371232503957554011 996614311.637 996614442.844 1285.57614573527 1237.59076296863 1337.35316425647 0.864375971976 5903.0 5.886485207145821e-17 6.561912202705522e-18 1.2649564789572716e+31 1.49355206840133e+30 2.059562862493618e+35 1.8707667023931124e+35 2.2583777338520303e+35
11076284 6371232503957553836 996614674.955 996614791.754 939.678493213019 913.966413923541 966.850674426687 0.702349293149 5401.0 5.734542409094387e-17 6.94075547055789e-18 6.43228390987325e+30 7.994865474241562e+29 9.61827627891169e+34 8.875629395673535e+34 1.0382399417095559e+35
11129501 6371232503957554046 996614830.624 996614903.016 946.480766285923 925.725749686888 968.169924713659 1.03006847191 5509.0 9.316562555773137e-17 9.189421884943575e-18 1.061473317179903e+31 1.0741007244672486e+30 5.454417953800821e+34 4.995472660303962e+34 5.919065984558603e+34
11129501 6371232503957554046 996619653.331 996619709.762 946.480766285923 925.725749686888 968.169924713659 1.03006847191 5509.0 9.316562555773137e-17 9.189421884943575e-18 1.061473317179903e+31 1.0741007244672486e+30 4.0020724373413575e+35 3.802804863665951e+35 4.208332262022483e+35
10656508 3190239722564755968 996620396.406 996620535.585 1734.52781263783 1675.89218521039 1797.32677547352 1.51959794263 0.0 2.240000078027725e-16 4.93538196851034e-18 6.415693249698813e+31 2.653652898622783e+30 7.2855502132291265e+34 5.987169391854916e+34 8.597598690727315e+34
10592442 3190239722564755034 996620706.731 996620767.311 614.13879904689 604.342833021149 624.251657296471 0.821560914058 0.0 4.653365090294166e-17 4.01817565078795e-18 1.6708336752339675e+30 1.4679609014185989e+29 4.795272102579406e+33 3.7854716247462083e+33 5.805834100447909e+33
10590269 3190239722564755018 996620874.366 996620922.408 800.944772636408 786.441007912576 815.983482365733 0.782569281167 0.0 4.2752425187659877e-17 4.360150978702816e-18 2.610952192953615e+30 2.705993627626513e+29 6.373266925113065e+33 4.851595004166533e+33 7.896253454722432e+33
11076500 6371232503957553810 996626292.547 996626322.093 1665.25856422846 1618.88045474818 1714.31791119268 2.0548240379599996 6353.0 1.1782420625907423e-15 1.428066288066311e-17 4.332782006583303e+32 1.355034831066396e+31 1.3110242316762504e+35 1.1468221008518217e+35 1.4771469362495365e+35
4474916 3158397865825403354 999944565.449 999944605.571 881.778148749778 865.644895419637 898.512961593852 1.48885260099 6010.0 1.4825259826815962e-15 2.0320510356715448e-17 1.626092886462956e+32 3.811247806689343e+30 1.4084757468218494e+35 1.3225861910210755e+35 1.4955320655416423e+35
