final_table_2.ecsv
# %ECSV 0.9
# ---
# datatype:
# - {name: KID, datatype: int64, description: Kepler Input Catalog ID number of star}
# - {name: GID, datatype: int64, description: GALEX Catalog ID number of star}
# - {name: Start, unit: GALEX Time, datatype: float64, description: Start time of flare (1)}
# - {name: End, unit: GALEX Time, datatype: float64, description: End time of flare (1)}
# - {name: r_est, unit: pc, datatype: float64, description: Estimated distance (2)}
# - {name: r_lo, unit: pc, datatype: float64, description: Low bound of distance (2)}
# - {name: r_hi, unit: pc, datatype: float64, description: High bound distance (2)}
# - {name: Radius, unit: Solar radii, datatype: float64, description: Stellar radius (3)}
# - {name: T_eff, unit: K, datatype: float64, description: Effective temperature (4)}
# - {name: QFlux, unit: erg / (Angstrom cm2 s), datatype: float64, description: Quiescent flux (2)}
# - {name: e_QFlux, unit: erg / (Angstrom cm2 s), datatype: float64, description: Standard error of the mean on the quiescent flux}
# - {name: Lum, unit: erg / s, datatype: float64, description: NUV stellar luminosity}
# - {name: e_Lum, unit: erg / s, datatype: float64, description: NUV stellar luminosity uncertainty}
# - {name: E_est, unit: erg, datatype: float64, description: Estimated energy in the NUV}
# - {name: E_lo, unit: erg, datatype: float64, description: Lower bound of NUV energy}
# - {name: E_hi, unit: erg, datatype: float64, description: High bound of NUV energy}
# meta: !!omap
# - {Note (1): In GALEX time (GALEX time = UNIX time - 315964800)}
# - {Note (2): 'From Magan Bedall''s Kepler/GAIA crossmatch: https://gaia-kepler.fun/. Distances from Bailer-Jones, C. A. L., Rybizki,
#     J., Fouesneau, M., Mantelet, G., & Andrae, R. 2018, AJ, 156, 58 (https://ui.adsabs.harvard.edu/#abs/2018AJ....156...58B).'}
# - {Note (3): 'Radii from Berger, T. A., Huber, D., Gaidos, E., & van Saders, J. L. 2018, ApJ, 866, 99 (https://ui.adsabs.harvard.edu/\#abs/2018ApJ...866...99B).'}
# - {Note (4): 'From the Kepler Input Catalog (https://archive.stsci.edu/kepler/kic.html)'}
# - {Note (5): The mean flux after all flares are removed from the light curve.}
# - {Note (6): Based on Gaia DR2 dist high bound.}
# - Title: !!python/tuple [Short Duration Flares in GALEX Data]
# - Authors: !!python/tuple ['Brasseur C. E., Osten R., Fleming S.']
# - {Table: All detected and vetted flares with calculated energies.}
# schema: astropy-2.0
KID GID Start End r_est r_lo r_hi Radius T_eff QFlux e_QFlux Lum e_Lum E_est E_lo E_hi
[from data line 1521]
8277004 6371373174873916936 996004779.939 996005060.39 575.298835288754 569.030916442365 581.703846753702 1.27063286115 5865.0 1.5131761421985742e-15 1.5119385206309624e-17 6.054212980273418e+31 9.108704744827515e+29 8.868630278612883e+34 8.450213282709594e+34 9.289016145761657e+34
8277014 6371373174873916905 996004870.182 996004998.113 572.187045449199 565.960988957264 578.549101346309 0.7723256602930001 5387.0 2.6358377574630846e-16 7.74008451161269e-18 1.0429245033328064e+31 3.2789795588662356e+29 1.6669330619728606e+34 1.4966109551133174e+34 1.8374256983318992e+34
8277004 6371373174873916936 996004880.156 996005060.39 575.298835288754 569.030916442365 581.703846753702 1.27063286115 5865.0 1.5131761421985742e-15 1.5119385206309624e-17 6.054212980273418e+31 9.108704744827515e+29 4.887974854413716e+34 4.583553895931124e+34 5.193218682338935e+34
8538964 3190169353820578382 996005092.486 996005210.812 2414.91112984078 2263.17922247341 2587.78774496125 2.1970015983099995 5262.0 4.8993997002093606e-17 3.186156536115617e-18 3.4712212486147412e+31 3.2473290406356715e+30 9.722454066580106e+34 7.3241215840148875e+34 1.2211833517224727e+35
9812512 6371197302405595799 996028310.847 996028440.622 783.845291144694 771.488183969179 796.597308427934 2.3699485037 0.0 1.2957402743469738e-15 1.9179941437533166e-17 7.5789961555644445e+31 1.6529176065007952e+30 1.599951519774584e+34 1.2793043290865517e+34 1.9208562897354966e+34
9994576 6371197289520694220 996028531.263 996028653.146 3051.92625164561 2841.52889658946 3294.69311054786 3.2088795568400004 4968.0 1.944994554560145e-17 6.577958876223174e-18 2.421333855549343e+31 8.384293922111899e+30 1.5026345748823509e+35 1.095690591978834e+35 1.9266947490003397e+35
9630988 6371197301331854074 996028713.19 996028762.01 562.250520968883 555.926826941332 568.717097709539 0.7492331990629999 0.0 8.492639721750475e-17 1.0168925547709045e-17 2.555850549008344e+30 3.0741033395883563e+29 4.738079324461425e+33 3.933457780977279e+33 5.543023387206849e+33
9815382 6371197300258116336 996039709.692 996039919.477 656.284574629045 644.560786170767 668.434752399487 0.6861264608130001 0.0 3.088511523062262e-17 7.733351621700851e-18 1.2663875752625088e+30 3.179274263644003e+29 1.589047620106051e+34 1.4027990087233044e+34 1.7759359840319532e+34
9815249 6371197300258116537 996039725.382 996039805.65 959.160189693864 931.004270886608 989.038400875325 0.779737160116 0.0 3.4412405676938916e-17 6.186793868877555e-18 3.013910457608254e+30 5.494701927166744e+29 8.333420939351155e+33 6.365891095354598e+33 1.0308605328633041e+34
9815478 6371197300258116439 996039799.741 996040009.611 3065.87007609231 2876.91590163392 3280.49685418333 3.8939182464099997 0.0 5.283484021736455e-17 8.339637434355226e-18 4.727819778242672e+31 8.08535038258316e+30 4.2663893175778536e+35 3.604853773192055e+35 4.986031336506845e+35
9815640 6371197300258116572 996039802.763 996040011.567 964.351145263522 942.392718908972 987.337558067648 0.975634858654 0.0 9.175384510648456e-17 7.80037641365202e-18 8.123210284884252e+30 7.160620163724624e+29 2.4725001379488545e+34 2.067628758770437e+34 2.8788690623322265e+34
9632688 6371197301331854346 996040185.71 996040271.21 1679.28747643717 1615.05051721297 1748.73214257336 1.5022453709999999 0.0 3.2705923795286214e-16 1.4532763908856804e-17 8.780303751392316e+31 5.237893537830166e+30 2.264573240979164e+34 1.486818054714133e+34 3.0455772189461384e+34
9632669 6371197301331854243 996040222.993 996040332.245 2310.73174006804 2169.44129369584 2471.13134398724 1.77440380145 0.0 7.21914275739786e-17 6.861244835866083e-18 3.6695914161601835e+31 4.231113304658169e+30 2.9617194472958717e+35 2.544934079223698e+35 3.421712542412507e+35
9632688 6371197301331854346 996040443.477 996040552.322 1679.28747643717 1615.05051721297 1748.73214257336 1.5022453709999999 0.0 3.2705923795286214e-16 1.4532763908856804e-17 8.780303751392316e+31 5.237893537830166e+30 1.5440156393226904e+35 1.3789390912544947e+35 1.716074939115476e+35
9450428 3190274906936842304 996040826.71 996040951.092 545.536182290904 541.394605850538 549.740463313287 0.877186634637 5177.0 7.972007668092373e-17 4.483897763937219e-18 2.5790848237412106e+30 1.4643381320154678e+29 9.590227462945095e+33 8.434556979837364e+33 1.0746177795421116e+34
9450438 3190274906936842179 996040880.648 996040956.14 2156.11972011127 2091.44606792265 2224.83533723783 2.52275871394 5863.0 1.8676560311185386e-16 5.4521071725426926e-18 9.979544374300026e+31 4.248358122055306e+30 6.42346441254438e+34 4.666605267155748e+34 8.185762665359866e+34
8868558 3154281294289966161 996069387.498 996069557.447 1083.07860988301 1067.75736457973 1098.83775758055 1.35550036243 5969.0 4.578220527112843e-16 1.1125751426517905e-17 7.321953366275427e+31 2.0815566553342022e+30 8.025318769899936e+35 7.741771511073302e+35 8.314088687579274e+35
8868558 3154281294289966161 996069557.447 996069718.15 1083.07860988301 1067.75736457973 1098.83775758055 1.35550036243 5969.0 4.578220527112843e-16 1.1125751426517905e-17 7.321953366275427e+31 2.0815566553342022e+30 8.348616976326121e+35 8.059310583253141e+35 8.643460801133208e+35
8933942 6371373163062757013 996070079.403 996070171.028 332.247362909579 289.590348392505 389.415163004844 0.0 0.0 2.3831549465389523e-16 8.639525643281142e-18 2.5044270545661307e+30 3.8703152803340036e+29 8.79659371872305e+33 6.484627100489369e+33 1.1863640079480052e+34
9004013 6371373163062757171 996070472.483 996070511.18 279.322873220186 277.994677958729 280.66359302096 0.0 0.0 9.010804666837771e-17 8.633912586569821e-18 6.692826985151383e+29 6.4208546300187274e+28 6.625254762891598e+32 5.1074870741996346e+32 8.143047232069867e+32
9072236 6371373163062757819 996070478.121 996070509.622 2309.36068581603 2168.43522699225 2469.30678397643 1.6771760447600002 0.0 2.0811437896984473e-16 9.932490209931718e-18 1.0566195582725083e+32 8.53263856939131e+30 4.028810894911651e+34 2.743404501736901e+34 5.341037284064466e+34
9072190 6371373163062757762 996070479.207 996070512.05 1010.00868027049 986.004913309521 1035.18767671567 1.01685726294 0.0 9.867104560632926e-17 9.198025978685762e-18 9.582370625914233e+30 9.23226009161543e+29 1.9460248829999248e+34 1.6727181698734108e+34 2.2208973360887244e+34
9138353 6371373163062758633 996070500.348 996070539.791 991.241408282389 963.947043650819 1020.09603806106 0.938575942016 0.0 1.3143478613542276e-16 1.1154659207254843e-17 1.2294254991745714e+31 1.0999622508643792e+30 1.4728012958404876e+34 1.2094961006239195e+34 1.7375714785134152e+34
8868558 3154281294289966161 996075307.713 996075409.181 1083.07860988301 1067.75736457973 1098.83775758055 1.35550036243 5969.0 4.578220527112843e-16 1.1125751426517905e-17 7.321953366275427e+31 2.0815566553342022e+30 6.994500079119127e+35 6.74433255386835e+35 7.249165090947129e+35
8866337 6371373163062756510 996075514.235 996075547.689 3238.76063519078 3013.10006648467 3499.52298914323 3.49016240672 0.0 6.85559421950015e-17 1.0171372634315023e-17 6.845983210151575e+31 1.1384025070642995e+31 7.561688467746764e+35 6.430386928507471e+35 8.847042365963504e+35
8933869 6371373163062757098 996075529.355 996075621.629 1383.25997017662 1346.27456865127 1422.29428302808 1.28264414061 0.0 1.5767068785119854e-16 9.612618507096516e-18 2.8720473935076898e+31 1.920618458199164e+30 9.214449557711877e+34 8.358771509602814e+34 1.0086132669755297e+35
8866337 6371373163062756510 996075570.431 996075621.276 3238.76063519078 3013.10006648467 3499.52298914323 3.49016240672 0.0 6.85559421950015e-17 1.0171372634315023e-17 6.845983210151575e+31 1.1384025070642995e+31 7.488677199577188e+34 5.533466181167052e+34 9.535134393141509e+34
8803106 3154281294289966105 996075637.382 996075731.599 846.283333659153 837.96233329723 854.768225685732 1.08837289058 6378.0 1.1719449180791112e-15 1.4438343216159022e-17 1.1281519494214746e+32 1.8233954533173093e+30 2.529746272404021e+35 2.4385210184147147e+35 2.6215095198437167e+35
8737324 2567018939755272646 996075961.71 996076081.889 2418.79638960053 2327.94578418892 2516.85919836734 6.047911943080001 4856.0 7.460197778803509e-17 5.037273977899675e-18 4.996288014608235e+31 3.898165165030781e+30 2.1426864284989887e+35 1.847407731739876e+35 2.445120246824947e+35
9264443 6371373163062759672 996076044.54 996076152.991 929.984615137655 914.948236655482 945.514214848507 2.2968972645299996 0.0 3.2064710969598585e-16 1.2385053122554475e-17 2.6400483410658105e+31 1.1081813895250986e+30 2.6034876511085206e+34 2.27655501162874e+34 2.931142281967025e+34
9004013 6371373163062757171 996076320.155 996076441.41 279.322873220186 277.994677958729 280.66359302096 0.0 0.0 9.010804666837771e-17 8.633912586569821e-18 6.692826985151383e+29 6.4208546300187274e+28 1.7220636581919234e+33 1.462556044339278e+33 1.981581063643427e+33
9138764 6371373163062758356 996076379.775 996076456.519 1106.81512160511 1082.18870847719 1132.56679390761 1.2178601975499999 0.0 2.281191652156315e-16 1.2106581100972486e-17 2.660387895299392e+31 1.5362434227654094e+30 1.664692014926793e+34 1.2638928818019013e+34 2.0661305423973544e+34
8935669 6371373163062756883 996076399.009 996076441.076 803.642984898792 791.607299273836 816.043494995452 0.0 0.0 9.202941608769135e-17 9.88507515269647e-18 5.658300447981875e+30 6.1382800965124394e+29 9.867856305746926e+33 8.204615811771018e+33 1.1532712277395184e+34
8935686 6371373163062757102 996076399.866 996076439.829 953.892942423862 940.645836600889 967.511566440215 1.44218442239 0.0 2.571938082213355e-15 2.772708118438183e-17 2.227885165600531e+32 3.951144814867778e+30 5.442272966743206e+34 4.921806469772556e+34 5.963986437632353e+34
8935640 6371373163062757086 996076401.296 996076427.323 884.744286021932 868.721231443848 901.358375827205 1.0943141940899999 0.0 1.2432289420349744e-16 9.707847624991623e-18 9.264450525217873e+30 7.433289324340547e+29 2.805666563550653e+34 2.5455136862774444e+34 3.0673064854753663e+34
8415404 6371373166283983179 996081121.25 996081330.684 304.664664147134 303.171592979483 306.172250036132 0.7076797126250001 4683.0 6.701046244383044e-17 9.679623975043758e-18 7.583473975942427e+29 1.0962115677825198e+29 2.2662924771657526e+33 1.810517480588134e+33 2.7220780489111885e+33
8480267 6371373166283983555 996081121.98 996081283.929 1315.74737317572 1262.36124939243 1373.74967574486 0.9014056222460001 5575.0 9.671342738260468e-17 8.222220072707087e-18 2.242123856799158e+31 2.130624761845252e+30 5.900692730798667e+34 4.85656688460488e+34 6.964443075123093e+34
8480295 6371373166283983482 996081160.698 996081260.79 1446.24412547147 1397.17887176762 1498.80830456511 1.1432903758600002 5652.0 1.0616360321046603e-16 9.136990322559658e-18 2.9949068265805866e+31 2.785876437948388e+30 6.10448526982773e+34 5.156280833035121e+34 7.065959639645673e+34
8480353 6371373166283983393 996081182.609 996081272.961 1775.05020158581 1716.0537742109 1838.16053167146 2.49581827276 5288.0 1.6029427763950089e-16 9.698625171818007e-18 6.873623156335015e+31 4.78967094450983e+30 1.5777571826602477e+35 1.3891603862621641e+35 1.7705167428534993e+35
8480233 6371373166283983639 996081230.754 996081280.218 2902.36308649821 2763.08305918082 3056.03865114564 10.8815125801 4851.0 9.517950452342e-17 8.62754640786292e-18 1.0940253640928766e+32 1.1356496063879736e+31 1.928481586408746e+35 1.5753877624526292e+35 2.2919686738586706e+35
8544838 3154281294289961299 996081349.525 996081470.588 1819.43986508364 1728.24774647283 1920.55169096077 1.3330343497600001 5669.0 7.8546249613003e-17 7.606508335320658e-18 3.326842686250715e+31 3.6714528546176235e+30 5.497834043741322e+34 4.022831447588258e+34 6.996267930710948e+34
8545049 3154281294289961119 996081397.34 996081471.53 1449.21923995192 1404.83854155742 1496.43778134295 1.2592382391399999 5920.0 1.4859992699985058e-16 1.136844822168454e-17 4.209965292813809e+31 3.487583521313616e+30 9.258499549438473e+34 8.163996252802745e+34 1.0372220926398739e+35
8544992 3154281294289961074 996081397.62 996081558.248 609.332619239461 548.470635001351 685.052172800622 0.0 4359.0 1.9682210071376982e-17 7.947905702496808e-18 9.137712025880534e+29 3.82946862296564e+29 1.8660407370210518e+34 1.4516389338360368e+34 2.363890992844147e+34
8544934 6371373166283983962 996081397.84 996081460.804 722.019104877991 710.718221682382 733.678483781151 0.78097858331 0.0 8.290172897977103e-17 8.291574067132452e-18 4.114281362472931e+30 4.1666503286861835e+29 1.258499375132685e+34 1.1210766490944576e+34 1.3962855697853835e+34
8545049 3154281294289961119 996081471.53 996081536.535 1449.21923995192 1404.83854155742 1496.43778134295 1.2592382391399999 5920.0 1.4859992699985058e-16 1.136844822168454e-17 4.209965292813809e+31 3.487583521313616e+30 2.2717693858599505e+34 1.5971705239215963e+34 2.9482593570697025e+34
8217313 6371373166283981294 996082203.732 996082296.287 926.560299751909 889.897281072584 966.31117652302 0.883280723873 5965.0 2.4660632295097817e-16 1.0328620774071424e-17 2.467108552254377e+31 1.4508330778089564e+30 1.4528421467756197e+34 1.1502550948459192e+34 1.7592396190945284e+34
8415404 6371373166283983179 996111461.265 996111509.364 304.664664147134 303.171592979483 306.172250036132 0.7076797126250001 4683.0 6.701046244383044e-17 9.679623975043758e-18 7.583473975942427e+29 1.0962115677825198e+29 4.1279164684760826e+33 3.7612539307387556e+33 4.4946226156346946e+33
8415353 6371373166283983209 996111566.2 996111658.639 1087.0223853265 1068.9310179382 1105.72515616705 1.51731292038 "" 1.3067048701367398e-15 1.5627857392398696e-17 2.099981047568469e+32 4.4103800509542944e+30 8.044448255704486e+34 7.192301689414832e+34 8.899481529553824e+34
8802923 6371373166283986138 996111612.728 996111723.935 524.76731133001 435.778531026419 658.413515996447 0.0 5563.0 4.198474728030178e-16 1.0207843754211604e-17 1.2938401778298545e+31 2.7626298528428995e+30 7.305425933466912e+33 4.5699419126707894e+33 1.1202888498036308e+34
8802919 6371373166283985948 996111658.445 996111702.854 1698.29606156585 1658.70524766949 1739.78557356337 3.0706013518799997 4849.0 4.390237630419456e-17 5.8157954474558866e-18 1.497883535199368e+31 2.016460792456322e+30 4.279334767263345e+34 3.449664998926957e+34 5.111357451827596e+34
8613609 6371232520063682366 996205984.229 996206075.378 4502.40376480092 3902.50529445021 5288.16407229885 3.9152104882099996 0.0 2.587161265600712e-16 1.2733405255173157e-17 4.992814143457109e+32 8.066354313691792e+31 3.637473545302757e+35 2.4606461238534602e+35 5.0718049947642866e+35
8742038 6371232520063683665 996206055.197 996206128.887 1912.77017510544 1825.43535351905 2008.67641552773 1.608794694 6204.0 2.7608096499701334e-16 1.3566028875027262e-17 1.3201166701571033e+32 9.067623574502507e+30 8.024626776133226e+34 6.404500209424909e+34 9.678526945474391e+34
8741645 6371232520063683637 996206064.065 996206244.122 1332.12483234287 1289.20178507176 1377.94544609313 1.0750257401 6072.0 1.9978698728642904e-16 1.2455619067111274e-17 4.485440136601811e+31 3.1728628164654265e+30 5.563870338997927e+34 4.519304384236177e+34 6.6169900031929405e+34
8611714 6371232520063682480 996206143.944 996206246.148 1129.10585026695 1102.37187643337 1157.1434843328 1.02180333838 0.0 2.466714446631006e-16 1.260072329872663e-17 2.993789178016105e+31 1.6929479591833608e+30 1.631727328047436e+34 1.213041731889689e+34 2.0511246599285466e+34
8872072 6371373161989016306 996206194.046 996206454.644 2610.4886455025 2447.41753170151 2796.11052915585 1.8899175686200003 5938.0 1.2705030812758e-16 1.1714637961774314e-17 1.0362907217647296e+32 1.1800520480950835e+31 4.9350195293272825e+35 4.194676681694268e+35 5.747740835266386e+35
