final_table_2.ecsv
# %ECSV 0.9
# ---
# datatype:
# - {name: KID, datatype: int64, description: Kepler Input Catalog ID number of star}
# - {name: GID, datatype: int64, description: GALEX Catalog ID number of star}
# - {name: Start, unit: GALEX Time, datatype: float64, description: Start time of flare (1)}
# - {name: End, unit: GALEX Time, datatype: float64, description: End time of flare (1)}
# - {name: r_est, unit: pc, datatype: float64, description: Estimated distance (2)}
# - {name: r_lo, unit: pc, datatype: float64, description: Low bound of distance (2)}
# - {name: r_hi, unit: pc, datatype: float64, description: High bound distance (2)}
# - {name: Radius, unit: Solar radii, datatype: float64, description: Stellar radius (3)}
# - {name: T_eff, unit: K, datatype: float64, description: Effective temperature (4)}
# - {name: QFlux, unit: erg / (Angstrom cm2 s), datatype: float64, description: Quiescent flux (2)}
# - {name: e_QFlux, unit: erg / (Angstrom cm2 s), datatype: float64, description: Standard error of the mean on the quiescent flux}
# - {name: Lum, unit: erg / s, datatype: float64, description: NUV stellar luminosity}
# - {name: e_Lum, unit: erg / s, datatype: float64, description: NUV stellar luminosity uncertainty}
# - {name: E_est, unit: erg, datatype: float64, description: Estimated energy in the NUV}
# - {name: E_lo, unit: erg, datatype: float64, description: Lower bound of NUV energy}
# - {name: E_hi, unit: erg, datatype: float64, description: High bound of NUV energy}
# meta: !!omap
# - {Note (1): In GALEX time (GALEX time = UNIX time - 315964800)}
# - {Note (2): 'From Magan Bedall''s Kepler/GAIA crossmatch: https://gaia-kepler.fun/. Distances from Bailer-Jones, C. A. L., Rybizki,
#     J., Fouesneau, M., Mantelet, G., & Andrae, R. 2018, AJ, 156, 58 (https://ui.adsabs.harvard.edu/#abs/2018AJ....156...58B).'}
# - {Note (3): 'Radii from Berger, T. A., Huber, D., Gaidos, E., & van Saders, J. L. 2018, ApJ, 866, 99 (https://ui.adsabs.harvard.edu/\#abs/2018ApJ...866...99B).'}
# - {Note (4): 'From the Kepler Input Catalog (https://archive.stsci.edu/kepler/kic.html)'}
# - {Note (5): The mean flux after all flares are removed from the light curve.}
# - {Note (6): Based on Gaia DR2 dist high bound.}
# - Title: !!python/tuple [Short Duration Flares in GALEX Data]
# - Authors: !!python/tuple ['Brasseur C. E., Osten R., Fleming S.']
# - {Table: All detected and vetted flares with calculated energies.}
# schema: astropy-2.0
KID GID Start End r_est r_lo r_hi Radius T_eff QFlux e_QFlux Lum e_Lum E_est E_lo E_hi
[from data line 57]
8364686 3190063800704310628 926304999.629 926305157.997 1248.23819785104 1221.93709165136 1275.67472703961 1.56063191736 6201.0 7.593750636749297e-16 1.169284494826799e-17 1.9228149917552656e+32 5.182862686374053e+30 1.1025426550704145e+35 9.426357950736488e+34 1.2630437918231352e+35
7891276 3190063800704303718 926305153.996 926305180.367 467.035711009012 463.315145500523 470.815431336076 1.01083977566 5298.0 3.133791439303544e-16 1.3849580901311047e-17 8.392034289887809e+30 3.7750353485170254e+29 1.7089815839653756e+33 1.0584096886266358e+33 2.3595717422625336e+33
8798535 6371373168431467348 929841280.489 929841379.929 2564.62582362438 2337.79826649415 2837.99784858079 1.6969740374899998 0.0 8.177094302291321e-17 1.0653144471345481e-17 5.12011893996978e+31 8.332263293273555e+30 2.5985902098674856e+35 2.0865966006654767e+35 3.1967093419624386e+35
8345172 3190169353820574580 929841390.61 929841553.357 933.993549925875 908.231844332566 961.2306506566 0.7558056630750001 5105.0 2.499711375977014e-17 3.9137822126355606e-18 2.5216891663784836e+30 4.012767302965449e+29 2.861822381531784e+34 2.4868495506240736e+34 3.2406906140029715e+34
8345153 3190169353820574273 929841391.352 929841536.65 5334.79069709061 4791.28678008438 6003.4196438404 6.1110434624800005 5140.0 6.389689041730566e-17 3.8754144089914185e-18 2.182988016065392e+32 2.811725589183649e+31 7.4582178693433e+35 5.5855804349146424e+35 9.624438491706218e+35
8144041 3190169353820570884 929841561.351 929841591.782 606.398364437915 597.738161017573 615.308555447916 0.701540171312 4952.0 5.573133425346295e-17 5.505648574805509e-18 2.272915183658712e+30 2.2696517199636012e+29 1.7900329927432907e+33 1.256531710385784e+33 2.3236777388340038e+33
8411742 3190169353820574918 929841916.164 929842042.281 2363.05702423976 2208.44977629451 2540.21857706004 1.79086586824 5701.0 8.736174848994071e-17 5.317612639194528e-18 6.372556712651092e+31 5.924102854999084e+30 3.0940703186568903e+36 2.6836329761016406e+36 3.562869783429912e+36
9205271 3190274906936837759 929924109.895 929924199.809 1224.83242770225 1131.10734402272 1335.04347326865 1.86849361711 5311.0 1.2804565059285407e-16 5.6799862676052954e-18 2.4525972288391673e+31 2.3145890111365148e+30 8.887340871293887e+34 7.344993738608929e+34 1.0644291719714872e+35
9141060 3190274906936836823 929924148.716 929924349.387 513.708818771976 509.421429064065 518.067677103025 1.04209199859 5041.0 1.0057931719892242e-16 5.5282314418108336e-18 2.8407392250904953e+30 1.5798961798887793e+29 1.3595953496004995e+34 1.2331365864405727e+34 1.4861225499189471e+34
9205271 3190274906936837759 929924219.325 929924399.92 1224.83242770225 1131.10734402272 1335.04347326865 1.86849361711 5311.0 1.2804565059285407e-16 5.6799862676052954e-18 2.4525972288391673e+31 2.3145890111365148e+30 9.357910709355973e+34 7.695275345975448e+34 1.1241885817586643e+35
9268128 3190274906936838058 929924292.987 929924399.807 451.490086403657 447.45361803262 455.598718704924 0.681875020141 4677.0 2.5581198955728075e-17 4.677771027377805e-18 5.978769922769043e+29 1.0946571137878944e+29 3.418100071410025e+34 3.2730739981839056e+34 3.563589996900578e+34
9696198 3190274906936847606 929924604.515 929924669.552 1768.96478319435 1683.75996629402 1863.04283685322 1.3706421125600001 5822.0 9.093916824619845e-17 5.686987533399645e-18 3.607782802074217e+31 2.9055918391190614e+30 7.818062849074998e+34 6.421694872628178e+34 9.258248547259825e+34
11190900 3190134169448481535 930083977.989 930084066.24 837.140940858196 823.037130608928 851.727499847699 0.8873563171369999 5563.0 1.2459801036732212e-16 8.131882785578997e-18 1.085331560924596e+31 7.32871784580947e+29 3.419261654668543e+34 3.0726358254724587e+34 3.7672181253953805e+34
11401385 3190134169448485892 930084534.972 930084707.717 1501.3139733586 1443.59283463052 1563.74217941044 1.11622600366 5874.0 1.0131708608285944e-16 4.674508236978757e-18 2.9593315209105856e+31 1.8094374416756477e+30 6.246585892087894e+34 5.0469423233418565e+34 7.462442599422587e+34
11401254 6371232442754274885 930084653.023 930084788.293 2142.82857687984 2017.14275353856 2284.76090152544 1.6796105233399998 5678.0 8.733413107852492e-17 5.101267795649972e-18 5.244798258538979e+31 4.4874243714846543e+30 1.280581299958392e+35 1.0436770599363809e+35 1.530250700383193e+35
10016181 3190028616332218244 930089874.358 930089994.96 3010.82497906573 2505.54657098102 3738.313667496 0.0 5710.0 1.5286259772525596e-16 3.102059152602597e-17 2.255479765730191e+32 6.502616170864741e+31 1.981236003819798e+35 1.2488036772361226e+35 2.986683530171609e+35
9896065 3190028616332216007 930090086.31 930090167.403 622.950172208703 615.572769520954 630.503305931344 1.5123830629700001 6400.0 1.3836400309523814e-15 8.227482742351746e-18 7.546493652678318e+31 1.0479067555005121e+30 6.664012694366203e+34 6.341184476159223e+34 6.988695731666344e+34
9896115 3190028616332216270 930090086.408 930090182.412 1248.61134426795 1218.6122862799 1280.09606703745 1.2266365745899999 5878.0 3.824840326264091e-16 5.254983918666216e-18 9.731858933727021e+31 2.7892822745658146e+30 4.306875867481933e+34 3.5140173935100846e+34 5.102471103121533e+34
10017788 3190028616332218959 930090101.841 930090183.096 1610.98791659427 1533.14453723514 1696.98089127902 1.15820839223 6086.0 2.5434924465593967e-16 5.004157525595684e-18 1.0226884248834786e+32 5.596280541688201e+30 1.922250370476289e+34 9.898331780367178e+33 2.8587362554464564e+34
9836263 3190028616332215705 930090167.575 930090243.706 1425.07383483798 1392.41996104469 1459.26637134875 1.8972105273500002 5821.0 3.98184786393955e-16 5.416808368864356e-18 1.3516194273710851e+32 3.7361001432942743e+30 1.098423155377084e+35 9.668392572399712e+34 1.2309325797167028e+35
9896194 3190028616332215868 930090174.44 930090433.954 992.93464975465 969.268833940732 1017.76285045421 1.1569219631799998 5715.0 2.1705034064089538e-16 4.447677928118657e-18 3.2565322961096626e+31 1.0483307182834703e+30 6.670173276509333e+35 6.316428098356676e+35 7.03801912876195e+35
9896250 3190028616332216276 930090191.654 930090362.829 374.950699117242 372.763247048258 377.163512929452 0.849784767221 5587.0 8.03896014659558e-16 7.023766307622164e-18 1.4690144387037104e+31 1.6066870852504686e+29 1.1092877389988084e+34 1.002844034550177e+34 1.215749794910331e+34
9836263 3190028616332215705 930090289.883 930090426.516 1425.07383483798 1392.41996104469 1459.26637134875 1.8972105273500002 5821.0 3.98184786393955e-16 5.416808368864356e-18 1.3516194273710851e+32 3.7361001432942743e+30 8.841348892095344e+35 8.358796539645563e+35 9.340039891096035e+35
10148651 3190028616332220769 930090343.357 930090426.836 2546.37506989077 2339.04889123127 2792.62368100059 1.73051599259 0.0 7.356803732379862e-17 4.0182856424605825e-18 4.5411614127738e+31 4.744488654827539e+30 8.705347040511093e+34 6.461196516543438e+34 1.1126412519691297e+35
10148521 3190028616332221206 930090352.312 930090452.094 747.104756449198 734.216983378612 760.444606104143 0.985017633016 0.0 1.285284175180619e-16 4.550454645130046e-18 6.829598683455492e+30 2.6988276297910246e+29 7.794630892227126e+33 6.121083968178507e+33 9.469719485344454e+33
9896194 3190028616332215868 930090353.566 930090433.954 992.93464975465 969.268833940732 1017.76285045421 1.1569219631799998 5715.0 2.1705034064089538e-16 4.447677928118657e-18 3.2565322961096626e+31 1.0483307182834703e+30 2.5041801528219427e+35 2.3529614121734982e+35 2.6600686883149384e+35
10412161 3190028616332223791 930090479.98 930090572.365 1450.90389154625 1399.97259681638 1505.60424001181 1.1001408133 0.0 7.792914462336944e-17 7.690786566567325e-18 1.561745351589095e+31 1.6427838551421677e+30 2.296420147075003e+35 2.1051045459876766e+35 2.4978924717354218e+35
10215558 3190028616332221918 930090653.688 930090754.845 531.841315460548 526.667001500578 537.116456691457 0.7720769807619999 0.0 1.284196071555728e-16 4.060565502921999e-18 3.458027976550262e+30 1.1449684679028278e+29 6.426059236585261e+33 5.390077971677788e+33 7.462337403293827e+33
10215469 3190028616332221928 930090661.316 930090803.429 1025.62474154568 1000.86392288035 1051.61821448615 1.02032587031 0.0 1.0204309132531329e-16 4.060586371053196e-18 1.0218651927833847e+31 4.7882787925963734e+29 2.9519116656894705e+34 2.5551879170086167e+34 3.351239543710985e+34
10215443 3190028616332222072 930090662.923 930090753.42 1785.4058083552 1351.88428113323 2565.2846833559 0.0 0.0 5.839754893055236e-17 3.772670893617937e-18 1.7721542777929905e+31 6.129834461107802e+30 7.8458643599846875e+34 3.9097388970707047e+34 1.4770938409328658e+35
10281785 3190028616332222920 930090711.229 930090741.891 578.317072242746 572.51896519861 584.231677095834 0.785609118187 5216.0 9.24826172207834e-17 3.976235955918558e-18 3.969426173475131e+30 1.756985174140035e+29 3.941566998472062e+33 3.076348408642747e+33 4.8069320919378765e+33
10281830 3190028616332222574 930090713.971 930090797.96 860.93962830638 843.588370399503 879.006174120976 0.778571308575 5317.0 5.771497190130947e-17 3.515307877315198e-18 5.832011503118849e+30 3.7545926391088144e+29 1.3212206213816013e+34 1.0387301775730783e+34 1.604133159693331e+34
10017988 3190028616332218057 930090743.501 930090796.29 1995.03818110234 1899.74973866258 2100.16741786653 1.7855743812 6116.0 3.345061631639176e-16 5.489239077687588e-18 2.088086296302847e+32 1.1078658927641735e+31 3.920858845109325e+34 2.449845694688719e+34 5.402192923163699e+34
10018077 3190028616332219032 930090803.088 930090833.173 508.323797002015 504.320393615135 512.390116394296 0.904411615135 5619.0 4.538842889419033e-16 5.71391029799763e-18 1.4897002990345063e+31 2.2547070527149926e+29 7.532626180827094e+33 6.413388839610989e+33 8.652062727330855e+33
10082075 3190028616332219844 930090812.705 930090872.202 1131.38370627707 1091.44984261159 1174.29151210716 1.17216720044 4901.0 1.9610443831861723e-17 4.343617375811791e-18 3.4735930526209187e+30 7.799218400712493e+29 2.9210785593050264e+34 2.3409425891417795e+34 3.5068488861775835e+34
7183564 3190098985076400093 930220590.937 930220752.202 581.903855547019 576.509504843798 587.398269292906 0.787322703881 5615.0 5.228174833054394e-16 1.5138742753386818e-17 2.0792219123239754e+31 6.340839214676599e+29 1.3290415655539087e+34 1.1439227282538708e+34 1.5142217980422447e+34
6674968 3190098985076393704 930220699.727 930220771.644 571.030056263951 565.616808291074 576.546031622352 0.823777421623 5660.0 3.116399128759401e-16 7.728437804794722e-18 1.2467852531675996e+31 3.32791127813027e+29 4.8851440926422625e+33 3.7426919401284657e+33 6.027740084267905e+33
7102995 6371373169505206733 930220788.773 930220932.292 1319.33489269985 1275.17125639417 1366.60377949359 1.04408482677 5932.0 1.1627527891267796e-16 6.151527014182566e-18 2.5629024192256315e+31 1.6223486614841576e+30 5.573264627624058e+34 4.724626130190158e+34 6.433760548968747e+34
7102876 3190098985076398927 930220880.389 930221011.881 893.093363730605 881.201049806845 905.305112770474 1.55378144711 5952.0 7.20769664144631e-16 1.0258478326468377e-17 7.047491359168563e+31 1.3926819139352166e+30 1.6142483438407664e+34 1.2198461888522296e+34 2.008778037059982e+34
9141412 3154281294289971861 930225988.565 930226049.543 877.946086774623 864.534175701535 891.77292452098 1.06158302823 5851.0 3.264907025439311e-16 9.26433469254217e-18 3.1616922581978834e+31 1.0258900065134638e+30 1.3105637583746845e+35 1.2449946913556445e+35 1.3768965699583592e+35
9205271 3190274906936837759 930226076.991 930226130.542 1224.83242770225 1131.10734402272 1335.04347326865 1.86849361711 5311.0 1.2804565059285407e-16 5.6799862676052954e-18 2.4525972288391673e+31 2.3145890111365148e+30 1.530559519686735e+34 1.083597184217794e+34 2.0004266798512515e+34
9205287 6371373161989018708 930226078.013 930226139.879 691.811285458669 682.566551895562 701.305252905804 1.3491907807799999 6391.0 3.1139757843965563e-15 1.9368161873097803e-17 1.843114320726495e+32 2.7851965621839243e+30 2.113653260809314e+34 1.8095041701901527e+34 2.4180888864562786e+34
11190862 3190134169448481571 930232086.359 930232218.709 511.063701380417 507.353490427999 514.827594244196 0.0 5762.0 5.603284022531214e-16 1.0864116086374473e-17 1.627996628266422e+31 3.382201051901026e+29 8.337643485505496e+33 7.140022350212741e+33 9.535442941547085e+33
11401261 3190134169448485906 930232407.046 930232490.76 918.019684144716 904.294119007389 932.160565062591 1.14879972696 5997.0 5.111892310026574e-16 6.904889173976501e-18 5.445211128658483e+31 1.1161252139862301e+30 7.021786015678115e+34 6.508257830752737e+34 7.537944505603397e+34
10212441 3190028616332221981 930249663.014 930249802.622 574.541352508968 542.646017425413 610.344092206435 0.0 0.0 1.9186015296587098e-15 2.6927672446534725e-17 6.029209750082065e+31 3.6515048095240725e+30 3.9828738357150954e+34 3.485920193263488e+34 4.528594532471227e+34
9776732 3190028616332214567 930249667.399 930249739.253 1107.94407593783 1078.38296623336 1139.13999003804 1.16398135469 5596.0 1.852713931763322e-16 4.964477457384136e-18 3.7474761719563864e+31 1.4500733714008998e+30 4.2652177147293e+34 3.601199215007034e+34 4.933655134647374e+34
9775887 3190028616332214857 930249669.755 930249731.297 3642.20596710222 2240.48377364478 5790.73772847144 0.0 5015.0 4.682684257752007e-17 5.2200395994936965e-18 1.1322945408021119e+32 5.661489666025438e+31 8.0218674412041e+35 1.804272654276042e+35 1.7514203357368987e+36
10018357 3190028616332218605 930249733.337 930249848.775 1776.61819988663 1733.26543221801 1822.15259312363 4.41275486025 5167.0 1.372597982919385e-16 4.7985907802646004e-18 6.2369590926100495e+31 2.692460512685904e+30 2.453413205665823e+35 2.207767251210849e+35 2.702051806376503e+35
10018602 3190028616332218548 930249752.1 930249842.566 943.772895350597 927.378764559776 960.746228759225 1.07020770914 5728.0 1.3907440928864882e-16 4.997855687926252e-18 1.7219528872293986e+31 6.924348031890248e+29 6.555567919903686e+34 5.968758871668128e+34 7.145546544665131e+34
10018694 3190028616332218334 930249759.965 930249887.33 952.388179970309 939.041733790555 966.112451446571 1.72979236028 5566.0 3.4563933824659344e-16 5.411311747315802e-18 3.976150492005136e+31 8.477706841993945e+29 3.5338110280637633e+34 3.0642208384716745e+34 4.004000571599632e+34
9835969 3190028616332215150 930249848.699 930250247.705 2518.08776588276 2330.2790066861 2737.76464586322 1.58089393099 5746.0 1.75495123009497e-16 5.563234536272388e-17 1.921605500778159e+32 6.287776672897171e+31 2.68718211500434e+36 2.2784523934338575e+36 3.162801281795266e+36
9776641 3190028616332214600 930249902.626 930250003.016 836.857124523034 815.8234045036 858.983331692124 0.75834267778 5176.0 4.143867104856021e-17 4.673085502194976e-18 4.022637769348944e+30 4.6557018807715234e+29 1.823008697063121e+34 1.490670138762784e+34 2.1566910843048453e+34
10015937 3190028616332218793 930249913.711 930250024.913 820.505903624261 801.040661513937 840.92262619425 0.696850327937 5189.0 1.0444779339271585e-16 1.564195737169025e-17 1.0068884063281836e+31 1.5281337280851222e+30 4.849816171173029e+34 4.390973494146765e+34 5.3144016053659635e+34
9836168 3190028616332215658 930249938.723 930250164.128 1101.1007254695 1071.39542010798 1132.46805298324 1.1213522769600002 5400.0 7.929007031237499e-17 4.300690691577059e-18 1.5344074323293728e+31 9.378037914918129e+29 1.3601603930120536e+35 1.2345888763233998e+35 1.4881750255693314e+35
9836132 3190028616332215668 930249939.555 930250012.604 847.745679382982 833.034392744377 862.976184286181 1.81596397461 5943.0 1.5397898959287038e-15 8.827765065458855e-18 1.709642247515682e+32 3.271332739601252e+30 3.6010476781067885e+35 3.44342184743239e+35 3.762193444157136e+35
